+--------------------------------------------------------------------------------------------------------------------------------------------------------------------------------------------------------------------------------------------+
; Legal Partition Candidates                                                                                                                                                                                                                 ;
+---------------------------------------+-------+----------------+--------------+----------------+--------+-----------------+---------------+-----------------+-------+----------------+--------------+------------------+-------------------+
; Hierarchy                             ; Input ; Constant Input ; Unused Input ; Floating Input ; Output ; Constant Output ; Unused Output ; Floating Output ; Bidir ; Constant Bidir ; Unused Bidir ; Input only Bidir ; Output only Bidir ;
+---------------------------------------+-------+----------------+--------------+----------------+--------+-----------------+---------------+-----------------+-------+----------------+--------------+------------------+-------------------+
; clk1                                  ; 2     ; 0              ; 0            ; 0              ; 1      ; 0               ; 0             ; 0               ; 0     ; 0              ; 0            ; 0                ; 0                 ;
; LV03|sv2b2                            ; 85    ; 56             ; 0            ; 56             ; 12     ; 56              ; 56            ; 56              ; 0     ; 0              ; 0            ; 0                ; 0                 ;
; LV03|sv2b1                            ; 85    ; 48             ; 0            ; 48             ; 12     ; 48              ; 48            ; 48              ; 0     ; 0              ; 0            ; 0                ; 0                 ;
; LV03|sv2b0                            ; 85    ; 48             ; 0            ; 48             ; 12     ; 48              ; 48            ; 48              ; 0     ; 0              ; 0            ; 0                ; 0                 ;
; LV03|sv1b2                            ; 85    ; 48             ; 0            ; 48             ; 12     ; 48              ; 48            ; 48              ; 0     ; 0              ; 0            ; 0                ; 0                 ;
; LV03|sv1b1                            ; 85    ; 48             ; 0            ; 48             ; 12     ; 48              ; 48            ; 48              ; 0     ; 0              ; 0            ; 0                ; 0                 ;
; LV03|sv1b0                            ; 85    ; 48             ; 0            ; 48             ; 12     ; 48              ; 48            ; 48              ; 0     ; 0              ; 0            ; 0                ; 0                 ;
; LV03|sv0b1                            ; 85    ; 48             ; 0            ; 48             ; 12     ; 48              ; 48            ; 48              ; 0     ; 0              ; 0            ; 0                ; 0                 ;
; LV03|sv0b0                            ; 85    ; 48             ; 0            ; 48             ; 12     ; 48              ; 48            ; 48              ; 0     ; 0              ; 0            ; 0                ; 0                 ;
; LV03|theFloor0|bottomFloor            ; 85    ; 48             ; 0            ; 48             ; 12     ; 48              ; 48            ; 48              ; 0     ; 0              ; 0            ; 0                ; 0                 ;
; LV03|theFloor0|midFloor               ; 85    ; 48             ; 0            ; 48             ; 12     ; 48              ; 48            ; 48              ; 0     ; 0              ; 0            ; 0                ; 0                 ;
; LV03|theFloor0|topFloor               ; 85    ; 48             ; 0            ; 48             ; 12     ; 48              ; 48            ; 48              ; 0     ; 0              ; 0            ; 0                ; 0                 ;
; LV03|theFloor0                        ; 49    ; 0              ; 0            ; 0              ; 12     ; 0               ; 0             ; 0               ; 0     ; 0              ; 0            ; 0                ; 0                 ;
; LV03|player                           ; 85    ; 27             ; 0            ; 27             ; 12     ; 27              ; 27            ; 27              ; 0     ; 0              ; 0            ; 0                ; 0                 ;
; LV03|jumpOffset|tripswitch|tripSwitch ; 4     ; 0              ; 0            ; 0              ; 1      ; 0               ; 0             ; 0               ; 0     ; 0              ; 0            ; 0                ; 0                 ;
; LV03|jumpOffset|tripswitch            ; 4     ; 0              ; 0            ; 0              ; 1      ; 0               ; 0             ; 0               ; 0     ; 0              ; 0            ; 0                ; 0                 ;
; LV03|jumpOffset|myDff                 ; 10    ; 1              ; 0            ; 1              ; 7      ; 1               ; 1             ; 1               ; 0     ; 0              ; 0            ; 0                ; 0                 ;
; LV03|jumpOffset                       ; 3     ; 0              ; 0            ; 0              ; 7      ; 0               ; 0             ; 0               ; 0     ; 0              ; 0            ; 0                ; 0                 ;
; LV03|tripswitch|tripSwitch            ; 4     ; 0              ; 0            ; 0              ; 1      ; 0               ; 0             ; 0               ; 0     ; 0              ; 0            ; 0                ; 0                 ;
; LV03|tripswitch                       ; 4     ; 0              ; 0            ; 0              ; 1      ; 0               ; 0             ; 0               ; 0     ; 0              ; 0            ; 0                ; 0                 ;
; LV03|hex0DIS                          ; 4     ; 2              ; 0            ; 2              ; 7      ; 2               ; 2             ; 2               ; 0     ; 0              ; 0            ; 0                ; 0                 ;
; LV03|subLevleCnt|myDff                ; 5     ; 1              ; 0            ; 1              ; 2      ; 1               ; 1             ; 1               ; 0     ; 0              ; 0            ; 0                ; 0                 ;
; LV03|subLevleCnt                      ; 4     ; 1              ; 0            ; 1              ; 2      ; 1               ; 1             ; 1               ; 0     ; 0              ; 0            ; 0                ; 0                 ;
; LV03|moveX|onStartDff                 ; 4     ; 2              ; 0            ; 2              ; 1      ; 2               ; 2             ; 2               ; 0     ; 0              ; 0            ; 0                ; 0                 ;
; LV03|moveX|myDff                      ; 15    ; 1              ; 0            ; 1              ; 12     ; 1               ; 1             ; 1               ; 0     ; 0              ; 0            ; 0                ; 0                 ;
; LV03|moveX                            ; 16    ; 7              ; 0            ; 7              ; 12     ; 7               ; 7             ; 7               ; 0     ; 0              ; 0            ; 0                ; 0                 ;
; LV03                                  ; 54    ; 31             ; 0            ; 31             ; 20     ; 31              ; 31            ; 31              ; 0     ; 0              ; 0            ; 0                ; 0                 ;
; LV02|sv2b3                            ; 85    ; 56             ; 0            ; 56             ; 12     ; 56              ; 56            ; 56              ; 0     ; 0              ; 0            ; 0                ; 0                 ;
; LV02|sv2b2                            ; 85    ; 56             ; 0            ; 56             ; 12     ; 56              ; 56            ; 56              ; 0     ; 0              ; 0            ; 0                ; 0                 ;
; LV02|sv2b1                            ; 85    ; 48             ; 0            ; 48             ; 12     ; 48              ; 48            ; 48              ; 0     ; 0              ; 0            ; 0                ; 0                 ;
; LV02|sv2b0                            ; 85    ; 48             ; 0            ; 48             ; 12     ; 48              ; 48            ; 48              ; 0     ; 0              ; 0            ; 0                ; 0                 ;
; LV02|sv1b2                            ; 85    ; 48             ; 0            ; 48             ; 12     ; 48              ; 48            ; 48              ; 0     ; 0              ; 0            ; 0                ; 0                 ;
; LV02|sv1b1                            ; 85    ; 48             ; 0            ; 48             ; 12     ; 48              ; 48            ; 48              ; 0     ; 0              ; 0            ; 0                ; 0                 ;
; LV02|sv1b0                            ; 85    ; 48             ; 0            ; 48             ; 12     ; 48              ; 48            ; 48              ; 0     ; 0              ; 0            ; 0                ; 0                 ;
; LV02|sv0b1                            ; 85    ; 48             ; 0            ; 48             ; 12     ; 48              ; 48            ; 48              ; 0     ; 0              ; 0            ; 0                ; 0                 ;
; LV02|sv0b0                            ; 85    ; 48             ; 0            ; 48             ; 12     ; 48              ; 48            ; 48              ; 0     ; 0              ; 0            ; 0                ; 0                 ;
; LV02|theFloor0|bottomFloor            ; 85    ; 48             ; 0            ; 48             ; 12     ; 48              ; 48            ; 48              ; 0     ; 0              ; 0            ; 0                ; 0                 ;
; LV02|theFloor0|midFloor               ; 85    ; 48             ; 0            ; 48             ; 12     ; 48              ; 48            ; 48              ; 0     ; 0              ; 0            ; 0                ; 0                 ;
; LV02|theFloor0|topFloor               ; 85    ; 48             ; 0            ; 48             ; 12     ; 48              ; 48            ; 48              ; 0     ; 0              ; 0            ; 0                ; 0                 ;
; LV02|theFloor0                        ; 49    ; 0              ; 0            ; 0              ; 12     ; 0               ; 0             ; 0               ; 0     ; 0              ; 0            ; 0                ; 0                 ;
; LV02|player                           ; 85    ; 27             ; 0            ; 27             ; 12     ; 27              ; 27            ; 27              ; 0     ; 0              ; 0            ; 0                ; 0                 ;
; LV02|jumpOffset|tripswitch|tripSwitch ; 4     ; 0              ; 0            ; 0              ; 1      ; 0               ; 0             ; 0               ; 0     ; 0              ; 0            ; 0                ; 0                 ;
; LV02|jumpOffset|tripswitch            ; 4     ; 0              ; 0            ; 0              ; 1      ; 0               ; 0             ; 0               ; 0     ; 0              ; 0            ; 0                ; 0                 ;
; LV02|jumpOffset|myDff                 ; 10    ; 1              ; 0            ; 1              ; 7      ; 1               ; 1             ; 1               ; 0     ; 0              ; 0            ; 0                ; 0                 ;
; LV02|jumpOffset                       ; 3     ; 0              ; 0            ; 0              ; 7      ; 0               ; 0             ; 0               ; 0     ; 0              ; 0            ; 0                ; 0                 ;
; LV02|tripswitch|tripSwitch            ; 4     ; 0              ; 0            ; 0              ; 1      ; 0               ; 0             ; 0               ; 0     ; 0              ; 0            ; 0                ; 0                 ;
; LV02|tripswitch                       ; 4     ; 0              ; 0            ; 0              ; 1      ; 0               ; 0             ; 0               ; 0     ; 0              ; 0            ; 0                ; 0                 ;
; LV02|hex0DIS                          ; 4     ; 2              ; 0            ; 2              ; 7      ; 2               ; 2             ; 2               ; 0     ; 0              ; 0            ; 0                ; 0                 ;
; LV02|subLevleCnt|myDff                ; 5     ; 1              ; 0            ; 1              ; 2      ; 1               ; 1             ; 1               ; 0     ; 0              ; 0            ; 0                ; 0                 ;
; LV02|subLevleCnt                      ; 4     ; 1              ; 0            ; 1              ; 2      ; 1               ; 1             ; 1               ; 0     ; 0              ; 0            ; 0                ; 0                 ;
; LV02|moveX|onStartDff                 ; 4     ; 2              ; 0            ; 2              ; 1      ; 2               ; 2             ; 2               ; 0     ; 0              ; 0            ; 0                ; 0                 ;
; LV02|moveX|myDff                      ; 15    ; 1              ; 0            ; 1              ; 12     ; 1               ; 1             ; 1               ; 0     ; 0              ; 0            ; 0                ; 0                 ;
; LV02|moveX                            ; 16    ; 7              ; 0            ; 7              ; 12     ; 7               ; 7             ; 7               ; 0     ; 0              ; 0            ; 0                ; 0                 ;
; LV02                                  ; 54    ; 31             ; 0            ; 31             ; 20     ; 31              ; 31            ; 31              ; 0     ; 0              ; 0            ; 0                ; 0                 ;
; LV01|sv2b3                            ; 85    ; 48             ; 0            ; 48             ; 12     ; 48              ; 48            ; 48              ; 0     ; 0              ; 0            ; 0                ; 0                 ;
; LV01|sv2b2                            ; 85    ; 48             ; 0            ; 48             ; 12     ; 48              ; 48            ; 48              ; 0     ; 0              ; 0            ; 0                ; 0                 ;
; LV01|sv2b1                            ; 85    ; 48             ; 0            ; 48             ; 12     ; 48              ; 48            ; 48              ; 0     ; 0              ; 0            ; 0                ; 0                 ;
; LV01|sv2b0                            ; 85    ; 48             ; 0            ; 48             ; 12     ; 48              ; 48            ; 48              ; 0     ; 0              ; 0            ; 0                ; 0                 ;
; LV01|sv1b1                            ; 85    ; 48             ; 0            ; 48             ; 12     ; 48              ; 48            ; 48              ; 0     ; 0              ; 0            ; 0                ; 0                 ;
; LV01|sv1b0                            ; 85    ; 48             ; 0            ; 48             ; 12     ; 48              ; 48            ; 48              ; 0     ; 0              ; 0            ; 0                ; 0                 ;
; LV01|sv0b0                            ; 85    ; 48             ; 0            ; 48             ; 12     ; 48              ; 48            ; 48              ; 0     ; 0              ; 0            ; 0                ; 0                 ;
; LV01|theFloor0|bottomFloor            ; 85    ; 48             ; 0            ; 48             ; 12     ; 48              ; 48            ; 48              ; 0     ; 0              ; 0            ; 0                ; 0                 ;
; LV01|theFloor0|midFloor               ; 85    ; 48             ; 0            ; 48             ; 12     ; 48              ; 48            ; 48              ; 0     ; 0              ; 0            ; 0                ; 0                 ;
; LV01|theFloor0|topFloor               ; 85    ; 48             ; 0            ; 48             ; 12     ; 48              ; 48            ; 48              ; 0     ; 0              ; 0            ; 0                ; 0                 ;
; LV01|theFloor0                        ; 49    ; 0              ; 0            ; 0              ; 12     ; 0               ; 0             ; 0               ; 0     ; 0              ; 0            ; 0                ; 0                 ;
; LV01|player                           ; 85    ; 27             ; 0            ; 27             ; 12     ; 27              ; 27            ; 27              ; 0     ; 0              ; 0            ; 0                ; 0                 ;
; LV01|jumpOffset|tripswitch|tripSwitch ; 4     ; 0              ; 0            ; 0              ; 1      ; 0               ; 0             ; 0               ; 0     ; 0              ; 0            ; 0                ; 0                 ;
; LV01|jumpOffset|tripswitch            ; 4     ; 0              ; 0            ; 0              ; 1      ; 0               ; 0             ; 0               ; 0     ; 0              ; 0            ; 0                ; 0                 ;
; LV01|jumpOffset|myDff                 ; 10    ; 1              ; 0            ; 1              ; 7      ; 1               ; 1             ; 1               ; 0     ; 0              ; 0            ; 0                ; 0                 ;
; LV01|jumpOffset                       ; 3     ; 0              ; 0            ; 0              ; 7      ; 0               ; 0             ; 0               ; 0     ; 0              ; 0            ; 0                ; 0                 ;
; LV01|tripswitch|tripSwitch            ; 4     ; 0              ; 0            ; 0              ; 1      ; 0               ; 0             ; 0               ; 0     ; 0              ; 0            ; 0                ; 0                 ;
; LV01|tripswitch                       ; 4     ; 0              ; 0            ; 0              ; 1      ; 0               ; 0             ; 0               ; 0     ; 0              ; 0            ; 0                ; 0                 ;
; LV01|hex0DIS                          ; 4     ; 2              ; 0            ; 2              ; 7      ; 2               ; 2             ; 2               ; 0     ; 0              ; 0            ; 0                ; 0                 ;
; LV01|subLevleCnt|myDff                ; 5     ; 1              ; 0            ; 1              ; 2      ; 1               ; 1             ; 1               ; 0     ; 0              ; 0            ; 0                ; 0                 ;
; LV01|subLevleCnt                      ; 4     ; 1              ; 0            ; 1              ; 2      ; 1               ; 1             ; 1               ; 0     ; 0              ; 0            ; 0                ; 0                 ;
; LV01|moveX|onStartDff                 ; 4     ; 2              ; 0            ; 2              ; 1      ; 2               ; 2             ; 2               ; 0     ; 0              ; 0            ; 0                ; 0                 ;
; LV01|moveX|myDff                      ; 15    ; 1              ; 0            ; 1              ; 12     ; 1               ; 1             ; 1               ; 0     ; 0              ; 0            ; 0                ; 0                 ;
; LV01|moveX                            ; 16    ; 7              ; 0            ; 7              ; 12     ; 7               ; 7             ; 7               ; 0     ; 0              ; 0            ; 0                ; 0                 ;
; LV01                                  ; 54    ; 31             ; 0            ; 31             ; 20     ; 31              ; 31            ; 31              ; 0     ; 0              ; 0            ; 0                ; 0                 ;
; vgaDriver|ctrF|myDff                  ; 35    ; 1              ; 0            ; 1              ; 32     ; 1               ; 1             ; 1               ; 0     ; 0              ; 0            ; 0                ; 0                 ;
; vgaDriver|ctrF                        ; 4     ; 1              ; 0            ; 1              ; 32     ; 1               ; 1             ; 1               ; 0     ; 0              ; 0            ; 0                ; 0                 ;
; vgaDriver|ctrY|myDff                  ; 15    ; 1              ; 0            ; 1              ; 12     ; 1               ; 1             ; 1               ; 0     ; 0              ; 0            ; 0                ; 0                 ;
; vgaDriver|ctrY                        ; 4     ; 1              ; 0            ; 1              ; 12     ; 1               ; 1             ; 1               ; 0     ; 0              ; 0            ; 0                ; 0                 ;
; vgaDriver|ctrX|myDff                  ; 15    ; 1              ; 0            ; 1              ; 12     ; 1               ; 1             ; 1               ; 0     ; 0              ; 0            ; 0                ; 0                 ;
; vgaDriver|ctrX                        ; 4     ; 2              ; 0            ; 2              ; 12     ; 2               ; 2             ; 2               ; 0     ; 0              ; 0            ; 0                ; 0                 ;
; vgaDriver                             ; 2     ; 32             ; 0            ; 32             ; 60     ; 32              ; 32            ; 32              ; 0     ; 0              ; 0            ; 0                ; 0                 ;
+---------------------------------------+-------+----------------+--------------+----------------+--------+-----------------+---------------+-----------------+-------+----------------+--------------+------------------+-------------------+
